5.892513259405219861e-01 4.134724099121744878e-02
9.713318444615061109e-01 7.810775959873564878e-01
5.743023397420473630e-01 6.242837086386355816e-01
5.097961873828800172e-01 9.217154022165909844e-01
4.612297848586695004e-01 4.231606706808088703e-02
7.262024484482824116e-01 4.035575490440586055e-01
5.723162966684702813e-02 1.673133102844537312e-01
8.744381751341220310e-01 9.292178358961751261e-01
9.547690855962306378e-01 7.514692656011122684e-01
9.503115231543196595e-01 9.507126550743117965e-01
1.105909033047004497e-01 6.159000270648251618e-01
6.440620650250090673e-01 2.520047009692893969e-02
8.674903461742941024e-01 8.561325062464192337e-01
9.291227514193727277e-01 1.231282924468930506e-01
3.158581205184692875e-01 4.416642212777400767e-01
6.231522455276294892e-01 7.422723752013923315e-01
3.515282589391595103e-01 2.555456095019811302e-01
3.996079632794328207e-01 7.691360656653644101e-01
6.106163591212946384e-01 9.745655034747102707e-02
7.649547275667585300e-01 1.737874347645371742e-01
7.170205517005040496e-01 7.128948899248833682e-01
9.449920332525052480e-02 9.097210983243042559e-01
4.830652913861607223e-01 4.114296337956935279e-01
9.436902737172360167e-01 8.954399249342801514e-01
6.268194397995470180e-01 7.150200623933017363e-01
3.653326296675286633e-01 5.569257730119417937e-01
5.402679891545066893e-01 7.052482466455221033e-01
3.940047540742561694e-01 7.610543902689692608e-01
2.401521438622101767e-01 1.275720288087147658e-01
2.417294554639539683e-01 3.902050704498559730e-01
7.576605993812074447e-01 2.698673609160749942e-01
3.279885049838693334e-01 8.555275803358197706e-02
4.207528430407964093e-01 9.292439349157328721e-01
2.814646042940464055e-01 7.246392984524736569e-01
7.497954437611279443e-01 1.107649207825162074e-01
7.194444497323995158e-01 3.884207684625554657e-01
3.317779551156059270e-01 9.502447574640879857e-01
1.914383725201060926e-01 2.198285383903623158e-01
6.972866175990795057e-01 2.206063614133960682e-01
8.891405417018497515e-01 8.973091759968273573e-01
1.747762252115951931e-01 3.798040897058251320e-01
4.589892970773573611e-01 6.058535112470843087e-01
9.667551340080597910e-01 4.911948494295979017e-01
8.584306664888288196e-01 6.578262506462293491e-01
8.307534100756845952e-01 4.621175668439745365e-01
3.698698929761634613e-02 5.907614055171995782e-01
2.568450597539250202e-01 7.388959708212360367e-01
3.745552208211713197e-01 2.884408551151791400e-01
5.351223201335781887e-01 3.892820005463055733e-01
7.540718657645617551e-01 1.438636220934778054e-01
3.812233739960568801e-01 6.923788633000774739e-01
9.555903628631479130e-02 5.885636964321564468e-01
7.546229256752569059e-01 6.787394142289806531e-01
8.100473195063525589e-01 8.952040899399809071e-01
2.938376216956436471e-01 5.681047878129724671e-01
1.631355570343295813e-02 6.860738964272489193e-01
1.072716296794619106e-01 5.124136440752266042e-01
6.407448435507536733e-01 7.418988136042398152e-01
3.610655525984541869e-01 7.184331582230343294e-01
2.935836045216529966e-01 5.471827031302933797e-02
8.402756506936069902e-01 5.240782828364889401e-01
6.561248881224981400e-01 1.149088300652315597e-01
8.849667195374749662e-01 2.709054422818568675e-01
5.160505335108931391e-01 2.104026539335640544e-01
9.544147917025410655e-01 9.063752767386359377e-01
7.045420722797911539e-01 5.676992145764411246e-01
5.614324921037386895e-01 4.299673174936685660e-01
7.981211797534475405e-01 9.038860427296957489e-03
4.445747749185724462e-02 6.643035455256989241e-01
3.764034834976894839e-01 5.039136420992456067e-01
7.980812110120681924e-01 9.471655343020111140e-01
7.538441160637587846e-02 9.884443161300324743e-01
5.762742576602216671e-01 8.410545723998658074e-01
1.222803365394113939e-01 7.237881845640460332e-01
7.058563314806619582e-01 5.842319398892942273e-01
1.685392466120002597e-01 6.449157133552522181e-01
1.854909080122960630e-01 2.413292647657624412e-01
1.829691754181290708e-01 9.865539949881879656e-01
5.098782594197380780e-01 4.682884266354162550e-01
7.403674950267238319e-01 4.976516018942287456e-01
8.180347529143207064e-01 2.590262805605161311e-01
2.795762504589108799e-01 8.043653069573183378e-01
2.133836576492498249e-01 1.740392775702263028e-01
9.408771963476225686e-01 4.541514480328018299e-01
2.545297064655712704e-01 6.379853349536191987e-01
6.886081752465316175e-01 3.266879848871411252e-01
2.828942293511682582e-01 9.451990103211970196e-01
2.338670798302777687e-02 8.069950177029232563e-01
8.426649068349929550e-01 1.287522638674037934e-01
8.021190951489840515e-01 6.843619494700872163e-01
3.517642324911784968e-02 2.225162418408812570e-01
9.241940916418238672e-01 1.148956924149677761e-01
2.553529482018235264e-02 1.681705339498051899e-01
5.281042372191354639e-01 9.002197109371412598e-02
4.541798510411781953e-01 4.256428988279676862e-01
4.492117443923262510e-01 4.068407423790144639e-01
6.952231667976739304e-01 8.753735257619676968e-01
8.628147018468071971e-01 1.523697257294187590e-02
7.115052822434086988e-01 6.030695546751654312e-01
2.142656237577310607e-01 8.034906371573187212e-01
1.619897806315989675e-01 8.762745893051694379e-01
7.020455751511570641e-01 9.362019870004250066e-01
5.052410244283411789e-02 4.007439509834691549e-01
7.786205244458099806e-01 4.581139235101420182e-01
3.486213864849384558e-01 1.190814036756387972e-01
8.214738179659578643e-01 7.109493773335952005e-01
3.211277053737889853e-01 1.651264904011354728e-01
8.382422052302643811e-01 6.362853026827046676e-01
5.594470123970572972e-01 7.499579992648135462e-01
5.541867406142252372e-01 9.126285090948099699e-01
3.229192459973423412e-01 6.447262754270812746e-01
9.964244100592087872e-01 4.629318580418243512e-01
8.774948031400847670e-01 7.771928420497403733e-01
2.417421798498843311e-01 3.014198690899624333e-01
3.841811994659447560e-01 9.228094536502484679e-01
2.725825928799897602e-01 1.761809814679597963e-01
4.558056290062527660e-01 7.671625073026577812e-01
8.523377086864566410e-01 4.364640009052486169e-01
9.028120808075490444e-02 8.867812093706451959e-01
5.231666545155827519e-01 3.178094941409582708e-01
3.227378887406390229e-01 5.387944880026440675e-02
8.383387460560161042e-01 8.691320872542753762e-01
2.211842897488970339e-01 8.216452518078076750e-01
5.577410121029803269e-01 6.629191058119832114e-01
3.922800767636533958e-01 5.722199882259848547e-02
2.938721173033742584e-01 4.735569142650979391e-01
3.261435851985480250e-01 9.855153883592949748e-01
9.734835204474766579e-01 8.465159073576681292e-01
4.332076330169543077e-01 3.957501892377441877e-01
9.998826057206781082e-01 6.752169955174230909e-01
9.152503003577311391e-01 9.322706102884428248e-01
2.437126930351172227e-01 3.479199560787793466e-01
7.725505675866295441e-02 5.051634629838563928e-01
8.181824965243686965e-01 5.770318342248059729e-03
7.690275062102516213e-01 1.520941633945280813e-01
3.702179965099089420e-01 5.618172167222977853e-01
8.302875797665880686e-01 4.769632596924644474e-01
1.536690098389010828e-01 7.806309502825385938e-01
7.473352555477311698e-01 8.589085267618128405e-01
4.370095061881882348e-01 1.669404937049830950e-01
9.900031893186057586e-01 3.729842276940792400e-01
2.159745340596924690e-01 3.426123027439461621e-01
9.037080744060160820e-01 3.108975704939481721e-01
2.166310722894315699e-02 1.842494033644944684e-01
9.287973328735048550e-01 2.494049553449686485e-01
8.710694554560093339e-01 1.930531568507021234e-02
8.388664662682362438e-01 4.271255946853944607e-01
1.929461038641082649e-01 5.405344191687456723e-01
5.822780386138294295e-01 8.552274684387224379e-01
6.234982092168583900e-01 9.866759960892694803e-01
7.621308631499645880e-01 4.962289396354180315e-02
1.483949079429359719e-01 7.050841263700104999e-01
6.793414459931439442e-01 3.445448203009875421e-01
1.127901288876639319e-01 1.330946927389332624e-01
7.370435521217282293e-01 5.238659042680977596e-01
6.659716973219749203e-01 1.869236977177879400e-01
2.388579202865407369e-01 6.409026305154940095e-01
7.370151724554199202e-01 5.705474564105494917e-02
5.025420555397841493e-01 3.050542183738220725e-01
4.164752231932948856e-01 6.332588565932038005e-01
6.643525825987953715e-01 3.684038958334787672e-01
9.072958624957849771e-02 7.148499144436869512e-01
4.447984582958036670e-01 7.643459209495088169e-01
2.023552853281610497e-01 9.458661302046655894e-01
5.008716211197691281e-01 6.139378626266602801e-01
9.681157105326613221e-01 2.991038270447362590e-01
9.346847315899076136e-02 5.389214859372213340e-01
7.486212651810002505e-01 8.323267448796494161e-01
6.558007401792599333e-01 8.294734066399043204e-01
7.967670021024433336e-01 8.331430061215903127e-01
1.279006775684079500e-01 2.985021482679985905e-01
4.387289466684037853e-01 8.240515403203700906e-01
9.478807926175556453e-01 7.490575097899343504e-02
9.211439545571200593e-01 5.736991810517771961e-01
5.900054925214399670e-01 7.532161350762169860e-01
5.191901891776914413e-01 4.465004253178266325e-01
6.215140992511813955e-01 4.702633111407009681e-01
1.664207728811853970e-01 1.404190025808014219e-01
9.401876934633307537e-01 7.669008053372581291e-01
9.990467501786597371e-01 9.170338125116440642e-01
5.484139829536665012e-01 5.949393474058995990e-01
6.839250232146714126e-01 8.733268408054095655e-01
1.397084605171001748e-01 7.991987058477669770e-01
9.363855789265903562e-01 4.550014528372725575e-02
6.835652330707786550e-01 3.522726975738421640e-01
7.651873234452977179e-01 9.467652454256518801e-01
9.979036251849313643e-01 8.329412687822557171e-02
9.467928702959472753e-01 7.606280335289693495e-01
9.349776745558375790e-01 1.648494601899032075e-01
4.835957991672097389e-01 7.495378837899543401e-01
6.117120133083226996e-01 2.048653523581448477e-01
7.407893534974191452e-01 6.096505603097135406e-02
2.360854137463674896e-03 8.222739057785258820e-01
2.333581890971351269e-01 2.413249970354591767e-01
2.435248962950066209e-01 8.719582271325777567e-01
4.492013889466284216e-02 6.955155612685928190e-01
2.249511078507403505e-01 6.408446655874627806e-01
1.132853360577268376e-02 9.935470999587348029e-02
9.416291083419856545e-01 6.544931338438710888e-01
7.281279209420550291e-01 7.935531173863923371e-01
2.855587092961479057e-01 5.357002382021210929e-01
4.094735732545190521e-01 7.223009385690308815e-01
5.335021886939006475e-02 2.225086154027217100e-01
1.947410340829139885e-01 8.543139927478075046e-01
9.758132665492256219e-01 1.963640278128231387e-03
1.386015852430457773e-01 3.237374433694248932e-01
6.392656806360503818e-01 1.221647929698977952e-01
1.942843584068839613e-01 1.054830849830556971e-01
1.596444705491232297e-01 7.015198716019546143e-01
4.561029322687261134e-01 1.849510792861241981e-02
9.579247024922521447e-01 2.725119359510156380e-01
8.986701847690551359e-01 9.848239100104547727e-01
7.125346057379753351e-01 6.898482829912909731e-01
2.102839841464745341e-01 9.090215779452035516e-01
1.996901436674580754e-01 1.041441290920526175e-01
1.852323154553917606e-01 6.550652939634082905e-01
4.868178253199062500e-01 6.178174268941807323e-01
8.586063821104276128e-01 2.720168960634929967e-01
7.245106427020998607e-01 5.434738931841613940e-01
7.325424579572392680e-01 8.130271296080574528e-01
1.127848806721352126e-01 3.939664185260521867e-01
2.516613694530988043e-01 5.040989680906462489e-01
1.778472419618879474e-01 6.557433573925874892e-02
8.177825741360846834e-01 3.583090367575696433e-01
5.079177891899090413e-01 5.011081150390345185e-01
1.759971192238948268e-01 5.653172498305428784e-01
1.812424782533260670e-01 3.669857497061032037e-01
5.370952779477400352e-02 8.352216661880221826e-01
7.614314316860554266e-01 4.021574750722450853e-01
4.985744511202139240e-02 9.320840568401528303e-01
2.560942336473498449e-01 7.267117735435871806e-01
7.969720136936004895e-01 6.608231395167714073e-01
7.107538503709880384e-01 7.186822176965974585e-01
4.001773435134023948e-01 9.251568767364704016e-02
5.507292825378540257e-03 7.585483214338456515e-01
1.238079734991470726e-02 9.260038494456565017e-01
6.791095146536327842e-01 3.690696479627220139e-01
3.923733647263105695e-01 5.860633593663376883e-01
2.529846362651306801e-01 9.167259235038948129e-01
2.623615119556761410e-01 8.338369377734611287e-02
4.638577075874058542e-01 4.386523104731334666e-01
4.067549500313971667e-02 1.527045256261734263e-01
9.768164803124147477e-01 3.902100460000853532e-01
8.562031530293989778e-02 6.078404838808171284e-02
9.287577744395769663e-02 5.511634887849070630e-01
2.158402154893389602e-01 1.901639410852201673e-01
1.933540452226342188e-01 2.743623336047651406e-02
1.390217804648348210e-01 3.593105129782572238e-01
5.464893262459574741e-01 2.219904308791524894e-01
8.588726708157485845e-01 4.617702331770826563e-01
1.994845734086758693e-02 3.582033603295415869e-01
1.003348490972243434e-01 3.463190893814075411e-01
4.205825444032973426e-02 4.480341193324761662e-01
4.384827221186515800e-01 5.809281726248273214e-01
3.931936818251828836e-01 1.606935135569181883e-01
1.748800276375145346e-01 9.001956194006350831e-01
2.700416317071091532e-01 4.463228669534695658e-01
8.302706195412254964e-01 2.054699316508955542e-01
6.866395839089785014e-01 6.996467424467696095e-01
5.429705231991599490e-03 6.654381717582454892e-01
5.902823069101836850e-02 3.517902669486455691e-01
9.937335591055029838e-01 3.599387211271265485e-02
3.387332089031100946e-01 7.080329950078626533e-01
1.984457933971532917e-01 8.620832242547793456e-02
1.866290635777012596e-01 6.067706902748772890e-01
8.219731849426332726e-01 4.247633284918401753e-01
1.692980776817226696e-01 7.924357135683224307e-01
4.888929198418996425e-01 6.181475164803135192e-01
7.041484266531606862e-01 4.038084553042982083e-01
4.788518829084913442e-01 9.041840990371101672e-01
5.609921963016298863e-01 4.100584350782442433e-01
2.448607535043059169e-01 5.379883742123264811e-01
1.103204130819114281e-01 8.919612502853616620e-01
1.796763889314362261e-01 5.119151969406552372e-01
1.649122857726369462e-01 8.139285428385825139e-01
5.790817707019253469e-01 9.437248303501523106e-01
7.379800486823218097e-02 6.604391232689643676e-02
9.939614418008039243e-01 2.345652641941400329e-01
6.225794011328210642e-01 8.795735547939838028e-01
4.833361873740220638e-01 3.781845676418768010e-01
2.197635495031691200e-01 8.132991040240469260e-01
6.515719918741103012e-01 5.710774794588445724e-01
1.587549509737993247e-01 1.116247782718760018e-02
1.950264520713168581e-01 2.094542464398362336e-01
8.088330153715317383e-01 4.685711579705934549e-01
4.701222218082649063e-01 6.232222639763496108e-02
3.825573135913314937e-01 2.623710065332577335e-01
3.347328303668950511e-01 5.801747799836122210e-01
1.759237446363400847e-01 6.657727179413576168e-01
3.905892256994982770e-01 2.116270317953667934e-01
4.152731835246684655e-01 7.430087473084524552e-01
7.339194164711901891e-01 2.927249175575694640e-01
4.326744489677103456e-01 1.495093835200946852e-01
3.156092681186540849e-01 7.795142583420274773e-01
2.662727083729587996e-01 1.876074979723211245e-01
4.895189213924421301e-01 3.389757945453770738e-01
3.094505411289311114e-01 4.498843533286575047e-01
5.317936497945620067e-01 9.721239030223669531e-01
6.300695400064437734e-02 8.831630716087390809e-02
3.855617170086156342e-02 9.909762502171900467e-01
4.750394910616392297e-01 9.560988419807762151e-01
6.101024819505200814e-01 2.157137492696807879e-01
7.319639013075991407e-01 1.397879820678167295e-01
5.536668598781263606e-01 3.361842122474408834e-01
9.716574175230249244e-01 9.256268408094311395e-01
6.169720914774183829e-01 1.416257113738981221e-01
4.689809649893936783e-01 6.983409725471966256e-01
6.579076312269104276e-01 1.678118807883842711e-01
3.354069384707555335e-01 7.420132876431598801e-01
6.254766092178128956e-01 6.655884056017125072e-02
6.804101266127968728e-01 2.452610839426514477e-01
7.651888404931317389e-02 9.345221627866815428e-01
8.253607580448670822e-01 2.777149755037225942e-01
9.204372112570671227e-01 1.778343836626983254e-02
8.472613445223348139e-01 6.781524245335845968e-02
1.847275663736874796e-01 5.104214533010535959e-01
8.586688193459998120e-01 6.510771455956700926e-01
5.082704449917629930e-02 7.469372087520520509e-03
2.332700705875997427e-01 7.289342661757169939e-01
8.884705878045865424e-01 5.376644744583295443e-01
1.761287840398841897e-01 1.903617788136255928e-01
5.450284068750401723e-01 7.217306334449442584e-01
4.289711209543363157e-01 1.997361785088075381e-01
3.345657990013415350e-01 8.726772955582507985e-01
5.789417931236324755e-01 3.409789624505282779e-01
2.957594781254295757e-01 7.173458088266762012e-01
9.218061355325348760e-01 4.956919237770961439e-01
8.462847495324321567e-02 5.608904584202103472e-01
8.890528983105516758e-01 9.280476270042439246e-01
1.579819646709612613e-03 9.031850671684060750e-01
8.749348081106814723e-01 5.390598169474858370e-01
5.704067402363539596e-01 8.569000679707894363e-03
4.011508525474182241e-01 1.906082949885168354e-01
3.167808290617671885e-01 3.901825851074687268e-01
8.482281132164426474e-02 2.595525511771258342e-01
2.014113201637141026e-01 3.399681318137959263e-02
8.007528167810586961e-01 7.816348024653412274e-01
7.180845799954722608e-01 4.184557775327496509e-01
4.380340663203617924e-01 6.596122223948985841e-01
6.251130663477947325e-01 3.574925818844812975e-01
9.043985351503475156e-01 8.412603114968609797e-01
6.945398597803864593e-01 6.692120521977590331e-01
6.243503144780081504e-01 4.351112252438413819e-01
3.064526866868640953e-01 5.011477328843126910e-01
9.411420925900311207e-01 6.345328106113206079e-01
3.823171335865571674e-02 7.562932552030002809e-01
1.379725286893846992e-01 2.573734386826715959e-01
1.809906061714522396e-01 8.238560707555949714e-01
6.309120305029939368e-01 5.608347633379818786e-01
3.804802174218546718e-02 6.714539270428310225e-01
1.606859290994859801e-01 1.673559007678917521e-01
1.632662033429932436e-03 5.293310682198257844e-01
7.456184240523250351e-01 3.325306818140495446e-01
7.623804883224116757e-02 3.703095317160188804e-01
9.773448628552111606e-01 8.118872392637550561e-01
1.133130768959534906e-01 4.144278267476526612e-01
2.967930698226793895e-01 2.175663844423803006e-01
7.957774080795663174e-01 3.338574175605920624e-01
9.241011787939457101e-03 1.676380003524592377e-01
3.110109874335861280e-01 6.078640629726734801e-01
4.032362644166704868e-01 1.629367912031689514e-01
7.970689180935390805e-01 8.214820410076104640e-01
8.223083889071993724e-01 7.459924972713982694e-02
2.435153945079635562e-01 3.254407860969443789e-01
8.607845077644494802e-01 2.162559816337311647e-01
9.685527139666456620e-01 7.872110162915325615e-01
1.288286696761521410e-01 4.774006154043549666e-01
7.999831697791042195e-01 6.693913392054958722e-01
4.379537789751209997e-01 3.044913570374994105e-01
9.518388496805311183e-01 9.091518543154790688e-01
1.626603003998320363e-01 1.552168243862060981e-01
6.910762555033646004e-01 3.521825928106103731e-02
6.994193943378047562e-01 5.312628551481506367e-01
6.289167287427834818e-01 9.064815333809804754e-01
9.122899256793077782e-01 6.297216644753855785e-01
3.699423890427966377e-01 4.247048105824913211e-01
3.567128094126076343e-01 3.670570288694674499e-01
2.056397860843285352e-01 6.968781398567287511e-01
7.025902724028317836e-01 7.720239152550496531e-01
4.205873574848278951e-01 9.476803926086383445e-01
8.581281709273521630e-01 4.764969162922563228e-01
9.874666830818590313e-02 1.506389819754304638e-01
1.646641061362409397e-01 3.604677465262000613e-01
3.500940068619348144e-01 4.706769899827842885e-01
4.227021167508570043e-01 8.275417584645027302e-01
1.665835590240216657e-01 8.109080276125766318e-01
1.713017572634786267e-01 2.206089606874098719e-01
3.351634916672752151e-01 8.141903188080065190e-01
1.499365676487404153e-01 7.121413340257234381e-01
5.580590990136254925e-01 4.102143184581747981e-01
6.603619113625608383e-01 5.067678847054748470e-01
7.808541498835281924e-01 6.844984052128068042e-01
2.451271382329640591e-01 4.151699867223058726e-01
5.678166408414830890e-01 8.331289617764188193e-01
1.871335164930469919e-01 8.545391013074297160e-01
9.844960130268207710e-01 9.888189782429253061e-01
2.075142394068200113e-01 9.517016425084930953e-01
4.554867624607337184e-01 2.028556810650695708e-01
1.640889996174911269e-01 6.847308917401927486e-01
6.263363751902337739e-01 6.260964501221272238e-01
6.748500197423700220e-01 2.284981097234431990e-01
4.994931650965370729e-01 1.493809117806931264e-01
3.618636437794618965e-01 8.321450329243527122e-01
1.512482378724472332e-01 5.470830809259519256e-02
6.071723273211808714e-01 7.517884452073837487e-01
6.284465211916374638e-01 3.029440360808766108e-03
8.767507924982511636e-01 7.916009718983652022e-02
4.802038494182286898e-01 3.068833090712884681e-01
8.477382594097757629e-01 1.876348693640347287e-01
8.832176037091746812e-01 7.450545235945763567e-01
4.964068502104305169e-01 7.718543111573208382e-01
1.607498887572798019e-01 2.756271790438179492e-01
4.286969872024918304e-01 9.166248275239803345e-01
9.083862250505917446e-01 9.123047050034788219e-01
9.879353104166936905e-01 9.624778131810411974e-01
5.597186165231816668e-01 8.862037192326388535e-02
2.950638094947178880e-01 4.515822209887857541e-01
7.867785970204205226e-01 8.956947128515185819e-01
6.245536737892727341e-01 5.399661569056359856e-01
7.027163708807895315e-01 9.880044269158284598e-01
5.331579295638636529e-01 3.216921115040568546e-01
6.380495073388938732e-01 7.162997760214595555e-02
7.728485917897170987e-01 5.690376734989135432e-01
6.655057777397349605e-01 9.825122601136888623e-01
5.142528301786929434e-01 7.257190197058619452e-01
9.961824663190312901e-01 5.432037514016349045e-01
6.182765871036653982e-01 3.166758380792891181e-01
5.220066037026084294e-01 3.305072672385522825e-01
5.765673782874047859e-01 1.193188044555464344e-01
8.494980479074398794e-02 8.706474919667135381e-01
9.536040074342642114e-01 9.960968123354760895e-01
4.822632982520334011e-01 4.919989097464949612e-01
2.704488457477443042e-01 6.349863983591930161e-01
8.558137334721600542e-01 3.822866100331668848e-01
3.667405244857628865e-01 8.474556919258864340e-01
8.010257631053624428e-01 8.305658959778864370e-01
6.323566570622984884e-02 2.154799236095074066e-01
3.372418159692389672e-01 1.282963209516235770e-01
4.770109201551063771e-01 6.287677622497669372e-01
9.269015488110202705e-01 2.859049819371590750e-01
7.626043421243570153e-01 6.927997894449602345e-01
5.930387336563228695e-01 5.695998418522987272e-01
6.982670227087950376e-01 9.875551396964499240e-01
9.892683011788427905e-02 7.286525158330157126e-01
2.856895103667587144e-01 7.072554701777750141e-01
4.802594424182782262e-01 2.392101572670302101e-02
4.077592955060032054e-01 8.156013752386460647e-01
9.959552520175923851e-01 3.876723651683673388e-01
5.406526934578231858e-01 1.230633328495105427e-01
3.885781486886272784e-01 6.241523994604167846e-01
8.221172215154547436e-01 1.336482426315392935e-01
2.089787590153614483e-01 7.566531618726890507e-03
8.421315457407315686e-01 9.974358938212266601e-01
5.923412132582650536e-01 7.306329896743603003e-01
2.552031222443265079e-01 2.821185522513468547e-01
5.663921458548878407e-01 6.492975762029444819e-01
8.019229034313448690e-01 2.835716816598001788e-01
4.875630587413863903e-01 1.189108054543316362e-01
3.801800318281975954e-01 9.971610661353367266e-01
1.441429906703401986e-01 1.777577002394160610e-01
5.004720469536187988e-01 1.824698958987613917e-01
5.883617201443235301e-01 1.872056065636458211e-01
5.352771040139907566e-01 9.976704498916472152e-01
9.720131282019262020e-01 7.217392597274374655e-01
8.428261477866103579e-01 2.594561685981600085e-03
2.234154750974596260e-01 5.805862211944438078e-01
6.435789384649515110e-01 5.493460819659183869e-01
4.315862635624005961e-01 6.897470653753823289e-01
4.657824542561178616e-01 6.701960065793776122e-01
7.490439477610317809e-01 8.729106768858858612e-01
2.796535644722333291e-01 2.518090429282383580e-01
8.327895278278197866e-01 9.952291334556487845e-01
4.932159948543397565e-01 5.284879843020399148e-01
4.841888924637274272e-01 4.852697142190596225e-01
8.788820081675203788e-01 1.385502207681754694e-02
4.467518771844780634e-02 2.602324356223422175e-01
8.272202371621834027e-01 6.851382105243042364e-02
1.065417294538691939e-01 8.329731023623200281e-01
9.596817403139079605e-02 5.886380439159039080e-01
5.739222916011790243e-01 5.201925864001238908e-01
1.195771559774793102e-01 7.949182197264854643e-01
2.991267316833602363e-01 5.384861289258576766e-01
2.980195905256423083e-01 7.226281194895568527e-01
9.731555656460503245e-01 5.071533860147456885e-01
4.339412216689860768e-01 3.042025271470707448e-01
6.469215620089054930e-01 3.410469729180655163e-01
1.422316296785171019e-01 5.041272194976993415e-01
2.447156730943933489e-01 8.994647141683224101e-01
6.406901177321907559e-01 8.996099581503279596e-01
7.880472644269134186e-01 4.496155533776017288e-01
8.861048833794004098e-01 8.411184304587875360e-01
7.854066892170591396e-01 6.650505340625612050e-03
5.235219838895529554e-01 3.991982703143076572e-01
3.267618251047897937e-01 5.115303103723004563e-01
2.494183826809180937e-01 6.645307417914961823e-01
9.355640138415476370e-01 7.121565231871656021e-01
2.198225909102973219e-01 7.586167576867782758e-01
6.091670941377603787e-01 1.916675346435166016e-01
8.555743074527332181e-01 9.773966600819415929e-01
5.887069979494617966e-01 2.152094720568834552e-01
7.266416877870045532e-01 3.684232251458113838e-01
5.336508594575756215e-01 8.654265838743564476e-01
8.908688258662109671e-01 4.597341359284898843e-01
4.013464901459912193e-01 1.626290684228238748e-01
6.416724118064929261e-01 1.312860634195576193e-01
5.038013919549231279e-01 6.272203602850436877e-01
2.628722741147216935e-01 4.884459496852583404e-01
4.940023772701850335e-01 6.361890477721895421e-01
6.040681727178462967e-01 5.012928564381935459e-02
4.337592690242010329e-01 8.283524636888676129e-01
1.471857872870815376e-01 8.041052953521365954e-01
4.217353359886929498e-01 2.676723957949587174e-01
2.795055705077542640e-03 4.908648044715155923e-01
1.041715802373032185e-01 1.831257270127610859e-01
3.309080778902306896e-02 3.027518619519447007e-01
9.287459359145242566e-01 2.463943413429002804e-01
6.606197259929706966e-01 5.599067890748319343e-01
1.543280485823166348e-01 7.041675860936096321e-01
3.613645461441914453e-01 9.698774525089538523e-01
9.085745570455199260e-01 1.238963737971632284e-02
7.992929960188196459e-01 8.256519686257695056e-01
5.482827589239764876e-01 9.086224899442341130e-01
7.553608481425800880e-01 5.583299409312892925e-01
4.970944161357647717e-01 7.605784685903809184e-01
8.839332665652904764e-01 7.157123134145433330e-01
5.284388484973780997e-01 8.074193983327740964e-01
6.481163978005256565e-01 9.687612924178558016e-01
5.814529146023990069e-01 7.478174482633010989e-01
8.397837616596124377e-01 9.674966691137298902e-02
7.018209978910019409e-01 3.146940804828457505e-01
7.448468450205547597e-01 7.216449268823879049e-01
7.490898757562790555e-01 2.305332225247044287e-01
1.799517740579268388e-01 2.008861294827026800e-01
5.130741718124308681e-01 2.596910505754903564e-01
7.077760233735294060e-01 5.090170433079095336e-01
4.660373984460310925e-01 5.665281233497825308e-01
6.536089064955551420e-01 6.336531938757009597e-01
7.365786625700230239e-01 6.685613870612472365e-01
5.068207549327933270e-01 5.614993805202461719e-01
4.677924107885045313e-01 8.654393165057964188e-01
6.984766223600091806e-02 5.822834739769444656e-01
2.592855074311117836e-02 6.192679149118407445e-02
7.032470348453182529e-01 6.553317109546809016e-01
6.767258559773144944e-01 3.853805539921102419e-01
1.429715294151160387e-01 4.597019870477520032e-01
5.166379034186298069e-01 3.200361894739711666e-03
1.546874992563350704e-01 7.388682393512548963e-01
5.468871676593523024e-01 5.595043199062478267e-01
3.891876592943872559e-01 4.273090589434902498e-02
6.431588185063397134e-03 5.683774797166953885e-01
7.798104299103014725e-02 4.820801608301427121e-01
6.594338711802897324e-01 2.623116251512674912e-01
9.568960411126904431e-01 1.468423346757832260e-01
3.328592029847483591e-01 9.334429941122747154e-01
7.286065926556074546e-01 2.366538752766584874e-01
1.649596689404094763e-01 9.131295679218719430e-01
7.049462182351395878e-02 8.320961682046613683e-01
2.804222919760285260e-01 9.368835502423822348e-01
4.433888839016556505e-01 5.167876597817782081e-01
2.374984822695469511e-01 8.474581902678343104e-01
8.807412788567615669e-01 4.537262826367627344e-01
3.003540897077026095e-01 5.873072763712088307e-01
5.335918102312635636e-01 3.236372443387233178e-01
6.606172923779751738e-02 2.849000374442889338e-01
3.016542835255312527e-01 2.415219767025252873e-01
9.773312133073364105e-02 7.416496245196051440e-01
3.050433148239409809e-01 8.517854817706540516e-01
8.087032358512072916e-01 9.752564214863506109e-01
1.706315994119189661e-03 2.068050743930310853e-01
1.105804709535028740e-01 5.423981143415038675e-01
8.861695945898152571e-01 3.930607460020258959e-01
5.646850845997741786e-02 7.143794089654197377e-01
2.509185098547925818e-01 5.802807202063822167e-01
8.160348838704544194e-01 3.989841545975442161e-01
3.549377870268565216e-01 8.976355226722391167e-01
2.072709991169956467e-01 9.936911705814245321e-01
2.056896651415804911e-01 6.501939893067680831e-01
1.406015655413306309e-02 4.956090342594587916e-01
5.209954796137497013e-01 9.950956847889425028e-01
6.840884029199459926e-01 8.281430580645277040e-02
6.703378601043821217e-01 7.909428991439276802e-01
1.990907966830015585e-01 5.826310807070477216e-01
6.464874474623684142e-01 7.208680419229590575e-01
4.742011876040808094e-02 7.769431054572224493e-01
5.987406998174061856e-01 3.974506741484007399e-01
9.595410568808681040e-01 6.661322923506343141e-01
7.868524242769222576e-01 7.937347177379684426e-01
1.744035934309725588e-01 4.965107298581952211e-01
2.039874179982061886e-01 5.691353857625788271e-01
2.510367386714686955e-01 7.437203518153705506e-01
9.610222274183379820e-01 1.164394857537235373e-01
6.793763236228679281e-01 5.498953700527876576e-01
3.245992798937813451e-02 1.731498920883585146e-01
7.406073512905215761e-01 9.389502099946334113e-02
5.424742997381765131e-01 6.658459451327473078e-01
3.818720648292157627e-01 1.379756718180027431e-01
7.383254826527725356e-01 2.488155004646418478e-01
1.030973865000169853e-01 9.699888052023974971e-02
3.605445230562379644e-01 2.918697888152568254e-01
9.104413474283802321e-01 2.711407278256532383e-01
9.561549354316145610e-01 6.089779210061895265e-01
2.394034142316714409e-02 7.615564228636103605e-01
2.888177928412668516e-01 7.113725733317597388e-01
7.637377414222653593e-01 3.678401208758939056e-01
4.785936808909335705e-01 3.484641034229992718e-01
4.733700076429259163e-02 7.356045696317339289e-01
7.946976103124148150e-02 4.035183504672319454e-01
9.776817058608772149e-01 4.636628019269992684e-01
9.083371090403101755e-01 4.123917983836805634e-01
6.579982316923678187e-01 2.752666669557235490e-01
2.653714254982600940e-01 9.110833667817593851e-01
2.650939628023120109e-01 8.162588832508816949e-01
7.170738681696406935e-01 5.794730211987468849e-01
3.372206299457154444e-01 9.493287152381313376e-02
4.578792732411701705e-01 9.359314130693249245e-01
5.298720006074431055e-02 9.415864344175658429e-01
8.990297659866097746e-02 9.616316475927519924e-01
9.087693825923789381e-01 1.380603054454394574e-01
5.934673861246011484e-01 3.848006706596703852e-01
7.203469962197135423e-01 9.476837009313574534e-01
9.134627873923278907e-01 5.651329726782299279e-01
1.972196373075940645e-02 1.013750234881678480e-01
6.136841362512523990e-02 3.348854777886172140e-01
3.571356467189191752e-01 4.853283224562833231e-01
3.523038633155317623e-01 1.590027355624620276e-01
2.399364493505528051e-01 7.242869484223777299e-01
4.413743372624127081e-01 7.256843536554303808e-01
6.973902834823144659e-01 5.501125527117129987e-01
9.727016869884852479e-01 1.018888629656409250e-01
4.477309130411040172e-01 9.452055532680160299e-01
1.986420218781159708e-01 6.132275037179032440e-01
1.189535528329472847e-01 2.810304820986713192e-01
4.412690639463292541e-01 4.608493333275468506e-01
7.552535208928727872e-01 3.523969943304623431e-01
3.728432814822254526e-01 6.872544613399357294e-01
1.573463292531308566e-01 8.259071621957152498e-01
6.757732520385115738e-01 4.763975912129447821e-02
5.532069641774266522e-01 6.845017089321324688e-01
8.343772224493890555e-01 2.414159025353337373e-01
5.522018172226461630e-01 9.544558730187644446e-01
8.928044429235544310e-01 9.238414479900934895e-01
9.294137367550843187e-01 7.371338642911535732e-01
5.042979572411639966e-01 7.156784610770878796e-01
1.987826003926119744e-01 3.103554242438207877e-01
6.913190434046352362e-01 4.501158180714789347e-01
4.394804349163456969e-01 2.373888290368221243e-01
7.073533641243182624e-01 5.366057511128525803e-01
1.268760266026925931e-01 1.989517912698928193e-01
8.138267634810326667e-01 2.010229790743068845e-01
5.397490572161837141e-01 3.477172938069259533e-01
1.941285252301195863e-01 7.561332312950206358e-01
6.350249329939712251e-01 7.468502694013013921e-01
9.916180952098855306e-01 8.346289381891335291e-01
2.000116009573237319e-01 4.868455254064533166e-01
5.054733443090485556e-01 6.517162218451932887e-01
7.590011908634424209e-01 7.593441917818628539e-01
6.012641787338662835e-01 6.948460901811306378e-01
9.236462892055099516e-01 1.617443876441257977e-01
2.019451886617044112e-01 2.087789607353873755e-02
1.109305507013361725e-01 6.143597486966573262e-01
1.430620512932658794e-01 7.529315461832665202e-01
8.418661272339148516e-01 7.553095783811913932e-01
8.435384741827222088e-01 3.561028931571863509e-02
3.893083117890019373e-01 6.734161232819700915e-01
8.461893654858050340e-01 4.712379903069880971e-01
9.670573660953349915e-01 7.140330038777574773e-01
9.907637552124335389e-01 3.928497848020737759e-01
9.898579609118994815e-01 1.236173124094086528e-02
2.418729164348250027e-01 3.037287150243180855e-01
3.785550531367509741e-01 5.725122637198132303e-01
5.956918180830232945e-01 7.421901600023412815e-01
9.112431060213853629e-01 3.978841855277165385e-01
9.247362023347571736e-01 4.321977326255277418e-02
8.690712905500399543e-01 7.995442557747332035e-01
4.213400466226187024e-01 3.134713694752471191e-01
3.388469670046789783e-02 4.093362607528860941e-02
8.284210410620775900e-01 1.775550976119809610e-01
4.303479929413172034e-01 7.369796926021081607e-01
6.032422781165387438e-01 1.911702787852517238e-01
4.728203183328889558e-01 2.643423629320971191e-01
5.725484030386431833e-01 8.164108390407284199e-01
4.628376641805971303e-01 2.176266884107391775e-02
7.828425539435581726e-01 3.644964474467214943e-01
1.542581734433147167e-01 8.844814480955309755e-02
2.931139221105434345e-01 4.188392047633172632e-01
8.839350697629217990e-01 6.312848174092297038e-01
6.998483919715110524e-01 9.634299028317826474e-01
9.759451151558700133e-01 4.228636364260724978e-01
9.882428570750704244e-01 8.284601442216626976e-01
2.432762042573581862e-01 9.272434732998494633e-01
9.532950970582616534e-01 7.858716883093315175e-01
1.585115186318630798e-01 8.437327791331213911e-01
4.521324270037003767e-01 9.537278671988425049e-01
1.270973202833958204e-02 2.439894411071305003e-01
1.130599461808335926e-01 6.776836187050337967e-01
7.360079890543791414e-01 1.906489999177071182e-01
7.537226642108521002e-01 7.931801264923485917e-01
1.994014117418397847e-01 7.021015697826534785e-01
9.739749543887615824e-01 7.569674873512692859e-01
4.674594089567202237e-01 1.242027282390869569e-01
5.248707298531540832e-01 8.652402995399205432e-01
2.664152367917642650e-01 3.111367181222630673e-01
8.789296312822119095e-01 7.981556856654848930e-01
8.857917943391516724e-01 4.140014201331631005e-01
4.215896343468295004e-01 7.296838119852576687e-01
3.945132698494598911e-01 5.196462335880737138e-01
5.382164325027133378e-01 1.603423355031933228e-01
8.469441676681541686e-01 4.850753623515619006e-01
6.545466365863590319e-01 4.755162770275167539e-01
7.566849023027136800e-01 6.748664674341404712e-01
8.754082767489457240e-01 2.694381953645519356e-01
7.099741341922636284e-01 6.499093975451661898e-01
3.760006273986249425e-02 4.693770988771465147e-01
9.019884313276503862e-01 1.651335085282591431e-01
8.469016198098677783e-02 6.930650844621110140e-01
3.661688238298197451e-01 6.975017204804179194e-02
8.130698689236780519e-01 2.331525272037162644e-01
7.991303227257587904e-01 2.312176639513119358e-02
3.421809521393670561e-01 9.793371298854266493e-01
1.447774160171545477e-01 5.657227915223561610e-02
5.064363590257512371e-01 4.942267639712474292e-01
2.177184340529311202e-01 8.840265418185424551e-01
9.296074949640399376e-01 9.430971555228291336e-01
9.973219476964837460e-01 4.817295691631240384e-01
4.490114014995956193e-01 8.708653902586170892e-01
3.280458386273015225e-01 6.699903448812144502e-01
2.867517990815345863e-01 1.553775916854011063e-01
7.993476619098849323e-02 9.174278164384376266e-01
4.778965292758328154e-01 5.340070497220512635e-01
5.419644502620180049e-02 8.504930305912181687e-01
7.953200257721360078e-02 7.239611743116237674e-01
5.298200957395933219e-01 3.471325512251122181e-01
3.589072705486977544e-01 9.635620591062684648e-01
6.509290978748547563e-01 4.654997310076571804e-01
7.162937980831940443e-02 1.199578446301908796e-01
6.645418909301900046e-01 3.728830608161610716e-01
1.934239637742491968e-01 2.764090290918248538e-01
2.192433992175761848e-01 3.850822385549462767e-01
8.383911615614457746e-01 3.472198829207374660e-01
1.515240269287323471e-01 4.421565728873242396e-01
9.539712528207622277e-01 2.985895497295586454e-01
5.379064176247471130e-01 6.039136558866350368e-01
7.616016375860433785e-01 2.375880183988221539e-01
3.617485306505467957e-01 1.864114771651939062e-01
8.645432356287010567e-01 5.093766062757416613e-01
2.347733754452121513e-01 3.421374929371462370e-01
7.676485536741251003e-01 1.865684608207409667e-01
7.896978587937514282e-01 4.815721074451356776e-01
4.470096277060386925e-01 1.399040627307808204e-01
2.821594290022300111e-02 7.872263307383742248e-02
2.022761069520746524e-01 9.017148618309558383e-01
5.902109769121898220e-01 1.289201223922109563e-02
7.713398199981548187e-01 7.727363962638973405e-01
3.251105645626684026e-01 1.440559238473955173e-01
1.064432750909399816e-01 6.662735358560810672e-01
4.834529940038190254e-03 7.270769700162188487e-01
4.285036860880511167e-01 7.200502383409502771e-01
1.347510401114325740e-01 9.128245720238917782e-01
5.780624109669161292e-01 8.260703266405400313e-01
1.815748294266504859e-01 2.433025128250493330e-01
4.115944242411676557e-01 4.371498808770143407e-01
6.514894467329906957e-01 8.995773603129214591e-01
5.499187141789301236e-01 1.441060238225977397e-02
4.900346682584459934e-01 8.777066799194934710e-01
9.545363701788285304e-01 5.095525584758304749e-01
7.834521765015138861e-01 3.769717706222944775e-01
4.143684026659271158e-01 6.441436767679568076e-01
9.908180663263608245e-01 3.079719032633351228e-01
9.668304729537147146e-01 8.098414169762310211e-01
3.897778466017524091e-01 5.156113404434393699e-01
1.449016456010643328e-02 9.513237010054208520e-01
3.266343096238855104e-01 2.834980706559283581e-01
9.952802537807903249e-02 3.452312227698040026e-02
8.667131962974006232e-01 2.645658077712029765e-01
4.954183408704690983e-01 3.182162905663548091e-01
7.526875842945869310e-01 9.630403219774237300e-01
8.499871348378994496e-01 5.327374817773025129e-01
4.779580416126750775e-01 8.081693242238799924e-01
4.311917345111904165e-02 4.826409092461555472e-01
3.836250580261224563e-02 7.200165698035676520e-01
8.218489209945558649e-01 2.695380343941436996e-01
5.328751798330859657e-01 7.385314939365865694e-01
2.399712644677159945e-01 5.089531491699872401e-01
9.938830904556158474e-01 3.760686377056067231e-01
6.054377986534229539e-01 3.314199777397084379e-01
4.661159186182595171e-02 1.032872069356026712e-01
8.281503808906449660e-01 3.235429527210003098e-01
5.386430148137503204e-01 3.847915730485655939e-01
7.110815601052887791e-01 3.788175267760168774e-01
8.050731053873235732e-01 6.311059366870716003e-01
7.851591035612015546e-02 2.156892074018290639e-01
8.867169216703558732e-01 7.473184415911552358e-01
3.250347374780385712e-01 6.265299219524149699e-01
6.036981146796602804e-01 9.175369507685924297e-01
9.085428446571329753e-01 2.024804593651214901e-01
8.019099432072058775e-01 1.889001940509182909e-02
8.931339272796141593e-01 2.376839475253246237e-01
7.999335107114861065e-01 9.854878846741047527e-01
7.066517178238359564e-01 6.174074498607735606e-01
2.988548328543150223e-01 8.435593296803122199e-01
3.974059868301553777e-01 1.253704961412384078e-01
8.298506367357295632e-01 1.251143445430188406e-01
4.539416138181827653e-01 1.239107039664507637e-01
3.456898674076158695e-01 9.772059736289837595e-01
6.073828850485191166e-01 4.611988271345642820e-01
3.616925451141937975e-01 5.177155290294513934e-01
9.926727155988911422e-01 2.256274123987815905e-01
7.472209605429145363e-01 5.896727362955700436e-02
1.119080923034068142e-01 6.079301001782041469e-01
5.647973399572571163e-01 2.920037452130043176e-01
8.131041746185851959e-01 1.687607575895545553e-01
6.256026692870780836e-01 2.249082238252031463e-02
6.191830569899188230e-01 3.903677517916158690e-01
9.996286514011148983e-01 4.884661279476618656e-01
4.386474632515507954e-01 8.129146295550149226e-02
2.495185682616559708e-01 2.137804508161089689e-02
9.011879706094960696e-01 3.542599221332747295e-01
2.399101526734420675e-01 9.889639365791323966e-01
3.111433662765913377e-01 6.023707459403689901e-01
3.766757255564970874e-01 2.658847604270405673e-01
7.778431167947161828e-01 1.163981827423683502e-01
3.105546388190197904e-01 8.266236650940593789e-01
5.557298905962990698e-01 2.255939667438491281e-01
5.528750214162881926e-01 2.333404395765092953e-01
5.924435506493571646e-01 2.123202272861359763e-01
2.490870569608695240e-01 7.964067093458442326e-01
4.307664106311566155e-01 3.658208548822583506e-02
9.771115942222885487e-01 2.575901220894429855e-01
5.198676897087786131e-01 4.656016577507423593e-01
9.455298381208704361e-01 1.865461352813734264e-01
1.468747768067912851e-01 6.636738371535331193e-01
1.752474057219853831e-01 5.193091566035569207e-01
9.067925624386763417e-02 2.574940498388302856e-01
3.021287501264185993e-01 7.380648452285950567e-01
8.883533427393787152e-01 1.806413596468191551e-01
3.361209749759680454e-01 9.796647559088578205e-01
8.427203383140761117e-01 9.377098070858889134e-01
3.502519137056563370e-01 8.922097623316032067e-01
3.980583331132003799e-02 2.100738895401833561e-01
5.619109031555892253e-01 6.845748555814998859e-01
9.126476521899855587e-01 8.667307590099417869e-01
3.498751407387294954e-01 4.673355833052317276e-01
3.963078097352044082e-01 7.535672277895533178e-02
8.563775672475061329e-01 3.436909636058476103e-01
7.108867683719952701e-01 4.027788053553115200e-01
6.457628824435810433e-01 9.006178958016519687e-02
8.298745079579530337e-01 6.274139084535859112e-01
5.560806003730048852e-01 3.612714929592891755e-01
1.380996431550580716e-01 1.520019894686378548e-01
2.278849576579056180e-02 1.626585191620327775e-01
6.011639657500167377e-02 3.833455258527143084e-01
1.089900056701120779e-02 6.478562952261313068e-02
2.350492523490413932e-01 1.669256229543895076e-01
1.706269397546628097e-01 3.316597166886455783e-01
2.110218545907477372e-01 3.559949606738836980e-01
3.611060108609225328e-01 6.990046454295936185e-01
1.318805791329725752e-01 8.674047285804777907e-01
8.811295067485777066e-01 5.463903480746912233e-02
7.420937472983077932e-01 3.292572204729903307e-01
7.475343881465016382e-01 4.801771680259520059e-01
9.778365604098195885e-01 8.738379296541466390e-01
2.673189242610111149e-01 4.439302891652322502e-01
1.603927739100208250e-01 6.121752287895730893e-01
8.009859624173519821e-01 3.801556730099231451e-01
4.866827906217479072e-01 9.824820015240413040e-01
7.685741511666520642e-01 3.557824626202122920e-01
9.664819855344978228e-01 2.311163818669593750e-01
6.161536037165641355e-01 4.165091690128985835e-02
7.155269399764961902e-01 1.729596022117112497e-01
9.768870033954198950e-01 2.822421076962859932e-01
1.913420775744588687e-01 2.463991101251672422e-01
2.797094102924366776e-01 4.261334328849573083e-01
9.389798336440323689e-01 7.386749820410672962e-01
1.022588304071334608e-01 7.929525665795869038e-01
2.010850302841622472e-01 5.580353938472931707e-01
5.959468776448927363e-01 7.478883232555258997e-01
2.909399043420276554e-01 2.537907882664325321e-01
8.654939290358741877e-01 1.741113917784060661e-01
3.020079400890449683e-01 9.181527902823510834e-01
4.685617277602682762e-02 1.536121261893602652e-01
6.903755406780914816e-01 1.757127564919347407e-01
4.749210647808088659e-02 5.510844677010077186e-01
6.820455322516281171e-01 1.733792927300115139e-01
7.917164420775013589e-01 1.925604577537366469e-01
5.458992801472811740e-01 4.180555384890877191e-01
6.787911580259207156e-01 2.555833387058081829e-01
6.364024387391372661e-01 6.647689493788760950e-01
9.978771322115885800e-01 2.987919527425005883e-01
7.061295467576991225e-01 7.978377119230106729e-03
3.760851437676822062e-01 7.353195654760837918e-01
4.520108856625050242e-01 8.702434481063316962e-01
2.158072853319205064e-01 5.029886930990730143e-01
9.764688268395904647e-02 8.389309000080480416e-02
8.688381938579078367e-01 7.653012862312190689e-01
1.160462567175463144e-01 1.777007035676652080e-01
9.672314159283343926e-01 8.217811413694852130e-01
2.641323325083502205e-01 4.259056098115634459e-01
9.763063655790318318e-01 2.581589654738695172e-01
3.412200485729741661e-01 8.103049188638966616e-01
9.654737689497268072e-01 7.671246428109971260e-01
9.142263240356890419e-01 9.096629754824238079e-01
4.658760344408032772e-01 7.270469198452742532e-01
8.794587869516102829e-01 4.737180241385076096e-01
2.454608496089626390e-01 4.655578158963646906e-01
1.425712959031821825e-02 9.098464655310187776e-01
7.551123384471697397e-01 5.968335011863700190e-01
6.234702754636665123e-01 2.818200208727242861e-01
4.501778274852274997e-01 3.634088540253199717e-02
9.680152059786668595e-01 9.387826185426062509e-01
1.575301885098134846e-02 1.653463292315715538e-02
4.884665192556381097e-01 4.683370636645600715e-02
8.309077021480648639e-03 2.960942831232895589e-01
5.024413564327816495e-01 3.094040697638922310e-01
4.413396172790794436e-01 1.979996549939535555e-01
2.939490047518141802e-01 8.462254735651392190e-01
5.014460333896626487e-01 7.763811113680431086e-01
3.148557976202431830e-01 7.328995225557467519e-01
2.387594339097934837e-01 8.513550751339403755e-01
1.273339438226844811e-01 2.915872514688877537e-02
3.397168951876483600e-01 2.778144772513619909e-01
6.136197578772975003e-01 9.631456033365366487e-01
4.833106404350151486e-02 3.109468820510766784e-01
4.767540628131459179e-01 6.811693935765564811e-01
5.880049194190124506e-01 9.010925120909757391e-01
3.974927236119426555e-01 3.950705768037643395e-01
9.718336752825070812e-01 4.651711212087107361e-01
3.680566688391365693e-01 3.787188105085189660e-01
5.004971803718779588e-01 4.489166516303582100e-01
5.139558408991414806e-01 4.964113090155115593e-01
4.292708055835934289e-01 4.980851120250986419e-01
6.645544122197810655e-01 1.218086778842198958e-01
8.667899234098166428e-01 7.661614760493392629e-01
9.580710203166636907e-01 2.468821409045143245e-01
3.879079933083549037e-01 6.107945600279089948e-01
5.695227599056240653e-01 3.384530444918740777e-01
1.272741521702176470e-01 5.018175339069841367e-02
5.466375200358992714e-01 8.725676886908040331e-01
2.978376157572171223e-02 6.346937866883203272e-01
5.642786722719826953e-01 9.904976084886035759e-01
3.865779804965785438e-01 3.317068245343626209e-01
1.868063010294783721e-01 5.499490053627378305e-01
7.897686164315218527e-01 5.943178101104226174e-01
1.021701823326459646e-01 4.524029456727627352e-01
3.182269428625743579e-01 6.545320023256175901e-01
5.777734212286139703e-01 1.222695538725917519e-01
9.492914800883913706e-01 2.536976411926830099e-01
4.858463764568371479e-01 3.262401968749587544e-01
7.289575604808518072e-01 2.351020714661637978e-01
6.547659466824745644e-01 7.906526272785685538e-01
6.627426206589636104e-01 6.254079855581883285e-01
8.591901403346652311e-01 9.796566437127873783e-02
2.854665321926453947e-01 5.987569872910383229e-01
4.723573165016013986e-01 3.744783460977497702e-01
9.125824919350777886e-02 5.965470689955179040e-01
9.249710195552147685e-01 8.016697327871284973e-01
8.289141195180846911e-01 5.007707303829890266e-01
2.082507737580380214e-01 5.707537976006998859e-01
6.892613659504610579e-01 6.427084376313152436e-01
2.970925563994168961e-01 5.644588177447913413e-01
9.535443695774254991e-01 1.251826732322623981e-01
9.121219675845243513e-01 4.986168390371019665e-01
3.136877822493380208e-01 4.738443340750851940e-01
5.431848326711524733e-01 2.053411159857754242e-02
3.212177301711764965e-01 4.265722602433401622e-01
6.137067609664857981e-01 6.082047876217626659e-01
7.140772552051160016e-01 4.909969064240035097e-01
6.176378838470132360e-01 8.537109965856098936e-01
1.200352241681279519e-01 1.724427784053144119e-01
7.545204980489610413e-01 3.310002635875508581e-02
9.843026739641214107e-01 5.767425460739203924e-01
2.295051067388241828e-01 1.191275214430537188e-01
8.068299320413285791e-01 4.729970335801605419e-01
6.315097521121288970e-01 1.799970822618697230e-01
7.822287539189035632e-01 8.597859669442459163e-01
2.065385994952276816e-01 4.327328725079370164e-01
6.555427044444427365e-01 5.266915714972134621e-01
2.340418412773438428e-01 7.230982556304232922e-01
2.529040173928330804e-01 2.508748810098526683e-01
1.350016130201114883e-02 8.368712337003296753e-01
6.322352163562712235e-01 5.270327134276953096e-01
4.143017818137386676e-01 4.935491071514764849e-01
3.385833875023094297e-01 8.598888318013309107e-01
8.343528203155419209e-01 7.311722630033068437e-01
4.136947229944798465e-01 7.198330604704451519e-01
3.798633887746535320e-01 8.145184199543753500e-02
6.321274977733043476e-01 9.332944324584194762e-01
8.372320343895762740e-01 5.358603834711596070e-01
8.601826468745300547e-01 8.296930302592704365e-01
1.495630543395254364e-02 2.473557809897738435e-01
6.844259721547059083e-01 5.354559351753374052e-01
1.575017006206783643e-01 6.553607987354459485e-01
2.938176739860253184e-01 5.881109618860436150e-02
2.547235732578732037e-01 6.340499454855073047e-01
6.389534936020667688e-01 8.458304924433424077e-01
7.909130436982345635e-01 4.522153585564089306e-01
8.402805913854071163e-01 7.663456200382852135e-01
7.626526281787042727e-01 7.809259813951665574e-01
7.885576440407923160e-01 3.506750022022747659e-01
2.084083167308933282e-01 5.691906174632912485e-01
1.511223453489640711e-03 3.567291169513312488e-01
